s_errors x_errors
-0.030952846108712805	0.23808176448778767
0.6449288821581258	-0.1266797325581826
-0.17931989781540417	0.15206210812297236
1.1421133860103703	-1.285034345226729
-0.17822249330657328	0.7351481567545249
0.6233318498129929	-0.4007267218825478
1.2390966587301473	-0.31836795096566695
-0.050790261087333866	0.6609166129867802
-0.34097165943926866	0.2596198931790754
0.6076487773369895	-0.49890169309532656
0.41870709707995346	-0.35145664656706826
0.023539340590466255	-0.43160671437292136
0.34263336911419284	-0.3831413361267211
0.044011925960509686	0.1875293190486203
-0.09302953219502791	0.07982120012985942
0.032872246551006054	0.6433771249080583
0.0024187025769903023	-0.360597851293919
0.05338336618108679	0.5921743475615645
0.5651913797654784	-0.03955838650621001
-0.20360195490305763	0.14868890742205482
0.1898526949989767	-0.26001219888563026
0.5870357223135482	-0.5549016473379168
0.31137686351210986	-0.2498218068387536
-0.17453818075125255	-0.3505893419261167
0.3483499755385969	-0.21326604894388448
-0.374546936531648	0.9552526024638283
-0.8517204820330395	0.8198335036203556
0.6754552443564903	-1.2081007350757904
0.4542821267201239	-0.34163718869297577
-0.19009592378972986	-0.11777511258776895
0.17003459262328763	-0.5387745948356608
-1.005137599332487	1.773389846187119
-0.06338592699442401	0.6572723996487821
-1.7852619859999153	2.925936835325932
0.38435035924258354	1.63133694345533
-1.3125312224101429	1.2767104966192842
-0.4987291684264969	-0.08222071515577836
-0.6858130027687552	2.9697810130524047
1.342465675785875	-3.2746082380568398
1.925797746626591	-2.017401350885313
0.40065205511407087	-0.021962424367397294
0.34854471373017715	-0.8696330458102076
0.15261808471904942	-0.2341249687380381
-0.046702179767167666	-0.2462853201058818
0.3279137055581394	0.2097407546665277
0.07640334357126599	0.5787553737920751
-0.5390973501082111	0.8621622273147495
-1.0654553688362494	2.757405116784747
-0.04175516156992966	-0.8633469358380348
-1.6684394479702198	2.037792861461525
-0.7352841379176867	1.430479749878216
0.8707774288846846	-1.1276626860966832
1.4343937076121531	-1.7013958868715537
-0.8170147492492943	0.722839864405213
-0.7634545186459213	1.961276636964731
-0.22534333832058326	1.217701155850542
-0.4703452836513884	1.2371402583771074
-0.7057527986110727	1.2775703555528706
0.9266003852511581	-0.716387725146189
0.09798857572552117	-0.44670486484139055
0.3623124891870151	-0.48606587199085616
1.2511458322529232	-1.8773292191575264
-0.5640246629117203	0.45130418052676263
0.21463206145718933	-0.7664981634054426
-1.4121059933505042	1.5580893578403878
-1.274331752860462	2.8104700693070264
0.7197720057651895	-1.0439529102405096
-1.131207968860446	2.1592143317624437
0.9550223750714253	-0.8844106760755804
1.148587530145358	-1.5006016276990493
-0.38321538716124115	1.119587635291464
0.8770830119640284	-0.9793687750460862
-0.3273064463869131	0.6298711914457195
-0.41567792095918127	1.3264286933691123
0.8864217570668956	-0.8178947833292133
-0.0001320651010493865	0.04678171188686272
0.8909925103513968	-1.1958222247295724
0.3952884115351723	-0.40610825609400125
0.15326921520961384	1.0379623146748678
-0.05995494370619842	-0.1106901146981313
-0.12634850262278005	0.03255464586773875
0.6125421245908398	-0.7174405692218322
-0.06995239608464494	0.3148945464977271
0.26730662120038867	-0.6574304249213784
-0.10861036719258307	0.17905629785045543
-0.1895784151260424	0.12170594943809575
-0.3754641645590332	-0.43222066446552204
0.6927172856256195	-0.23440208957883923
-0.5940379832338278	0.6853151147959712
-0.5188765489382012	0.3763339637664225
0.10066294334452332	-0.07485828688207176
-1.6379636433287195	1.031557360967656
0.38652998692462054	0.033661901341617055
-1.831322847281775	1.4720622575035147
-0.198514999129212	0.4013100179679402
1.1720234485293481	-1.0412719958643792
-0.6587236541484547	0.6566885543710486
1.3032677550092215	-0.13318043242224323
-0.3716224808416512	0.22350919710693254
1.1943675658454194	-1.3494208029945993
-0.5920951446843785	0.15645383826312032
0.9744768819003653	-0.8576048262451549
-0.25488141401483017	0.33144007667210934
-0.7594357072477613	0.20954188575799032
-1.7462206078407876	1.51077054122478
-0.27604132028269324	0.47493024698101355
0.22422499940318683	-0.44804858750811927
1.2558523675091617	-0.34355064410877056
-0.9921343514772054	0.7597464202304384
-0.43366168892028983	0.004863980443665795
0.3381424972999839	-0.23449024766874163
0.6774919439914293	0.17902188389552312
-0.25606496201290685	0.15809536679206612
0.29282815483856334	-0.578658688256455
0.4667833142499348	-0.7167356844485514
0.5873945348226454	-0.43880219239413204
-0.6114882881152282	1.0755162588564033
0.14726909978461092	-0.1648610924791139
0.5572487771999941	-0.6844501739014779
-0.13592583424036386	-0.2193968996716982
-1.4765313965126374	1.0228532944696433
1.0148513070460727	-0.4515439159768266
-0.21585088130769822	-0.020139522098594168
0.5710916829106404	-0.4535740569250296
0.26322014305694297	-0.2206522103131031
0.24270446477635704	-0.20370206556124448
-0.5803880685856169	0.6340507754270998
0.3041718246280553	-0.6163841294114883
-0.5150548535990643	0.7636648168931878
-1.2415354086465165	0.9832591108095268
1.148950234660384	-1.585439291902812
0.32362163495450724	0.10544070322282956
-1.502040975204443	1.1747433721305378
-0.4909216267509307	0.794530412744062
0.3862033084105604	0.1338278880554859
1.369975554463211	-1.959094887397659
-0.6476641760978458	0.8075893950807951
-0.37114613413769026	0.0711191893546394
-0.048524771313445736	-0.022793890283674685
1.2107987646173852	-0.8525079942859476
0.0675580344233875	-0.33244285173325716
0.35317471949158574	0.24849338324934853
-0.09819317772494728	0.08230235318084549
-0.14413493126170768	0.014781048135473967
0.26263308640605104	-0.6893813898040999
-0.3371764170746481	-0.05193941881404757
-1.3957255882861317	1.4681668444084208
1.0102510361986319	-0.6197904093154379
-0.17184918658397755	0.05484281405572611
-0.7935678977115606	0.46915502305935713
0.20880565645241936	0.1727809365568975
-0.14742010108697776	0.3003084213018633
0.21917459040843892	-0.41786663443680977
-1.0437505670498288	0.9163394058328378
-0.18663824995518846	-0.3143205092961567
-0.744344347527135	0.9802506591770419
0.011929981531958053	-0.5625108892674124
1.2837957048440145	-1.0152816511399734
0.2022777399396801	-0.30486213817609215
-0.9021879807043037	0.7589363433827272
-0.5703381918945074	1.3631243939160704
0.5527995638696026	-0.34031853490240127
0.17875839403485844	-0.14008938894912337
1.0559149117256212	-1.0695577250770933
-0.6809244955447387	0.656319178813247
0.6524380483894356	-1.0242690849628768
0.046601929156637766	-0.5733085897715526
-1.009047356140389	0.8728863039035127
-0.3924168576159415	0.6453812077094669
-0.062447941651291264	0.08239893093435095
-2.4145247719875385	3.6330036874723923
0.20296065172293554	-0.16759845411905033
0.5962245675870286	-1.6137036929551436
-0.06289038419961929	0.798456401236419
-0.3929970743221854	0.4412481302719951
0.5368765891025629	-0.5438990476208823
-1.6593415835727499	2.9754309276191555
0.15870333911636605	0.6810935113920097
0.9511640636454244	-2.49498817026275
1.016135989763306	-2.50383715190981
0.4698502577304993	-0.3972254988634404
-0.1260007934292526	-0.09271325934820371
0.9195345969358742	-0.9857439277612029
0.10007004603883254	-0.20717142815715947
0.05933652492291657	0.17190231499672784
-0.5938093608620485	-0.08354263249141218
-0.34179480382943694	-0.14628821087678254
-0.7824831148977804	0.3600610473434499
-1.3953946857786264	0.8843593215520719
-0.7078815360940549	1.5503912754149856
1.2199679394026226	-1.813344960986264
0.835494335434463	-0.8024531155964245
-0.02989367510384715	-0.3600010523502372
-0.34207669574348404	-0.07603027402411877
-0.4067419164202167	0.30230644014450175
-0.324696745691047	0.33751869405759716
0.3842105135157897	-0.4277893850834625
-0.9956860717714777	0.9921262499502955
-0.36679002921620674	-0.27352900308336936
1.4711163284156732	-1.0109056319098173
-1.267414874902179	1.1384592140976346
0.09732684249315424	-0.0334760681230485
-0.17059690335929795	-0.057946798422374005
0.4199328961125622	-0.5434813611399995
0.6237308167597942	0.1492743751397921
-0.33923188929509107	0.6433771249080583
-0.9858079421867707	1.2481579130203249
-2.253797046549126	3.128239704869859
-2.6964706579005644	6.649544553190486
-2.288171728165593	9.81630873587776
-0.531896685210447	-2.9216660671910146
1.6857319823089716	-4.139072742345279
1.25217298295581	-2.9630884601998084
0.02982425007929718	0.6971097668531676
-0.5211796920983192	2.6903750859660898
-1.6855892475676149	3.2698971621823727
0.9157149092341458	-4.006543921765509
0.05942215771147038	0.32416591273215883
-0.9679118631221917	2.518605374186937
1.4085837061418331	-1.8069186330581808
-0.9029467090299337	1.7939613183846368
0.30912357423744613	-0.9079993322410237
0.2949732452306483	-0.3705429754076493
-0.294510593416209	1.4807092273725755
0.8184430007611263	-0.8687337252626209
0.5937591167278322	-0.48092042701998405
-0.19956698982330628	0.32576204182675467
-1.2445723566448128	1.4478205551142722
0.30544733950082703	-1.3748263580000981
-0.9983099940202285	2.310498718253038
-0.16097004647530644	0.29463044304512875
-0.2617126991733539	1.6620920241188497
-0.04934531832070114	0.7417528506433902
-1.7454904491353058	3.796574626440225
0.0612490314473028	0.11515504707432489
1.1077640027562714	-1.3156842049972737
0.11567050208713717	-1.0784391212688704
0.9881388153544111	-0.8643625569807151
1.3560769451502186	-0.7569540583513257
-0.3168965171723847	0.29039381268948034
0.6619485360995969	-0.4770534117796393
0.7311040897423732	-0.5157485178582536
0.04023451232715532	-0.003094261840918024
0.08856473971160199	-0.5305733358947317
-0.6944743161142268	1.4458352693372425
-0.4477738682636656	0.6114588603276002
1.2752924318238237	-1.47164628797353
0.4187204703459353	-0.6768013125056686
-0.004871451149631853	0.08426811789523372
-0.18312460280156548	0.7836006411211798
-0.608795398194932	0.9805187639074779
1.5394040616259321	-1.8236914115526945
1.1688577016823005	0.11281893526980281
-0.2461627929546296	0.7968961265863791
-0.2996054836877979	0.2796011057284707
1.1868562151209685	-0.8092795428814117
-0.07449619552183641	0.33379224850409017
-0.5601708568506745	0.503425072524965
1.2085547746061815	-0.6681707640189608
0.26966262363686244	0.4134608513418511
-0.3853502987654854	0.9154777209704167
-0.12858288593464895	-0.2260613025170401
-0.05951455898416062	-0.48815646183021966
-1.1076522661285755	1.8433833283768575
0.1390582045193941	-0.8584539347762566
-0.3698135547732126	0.8042229275067506
-1.4069015740613158	2.0595847013117217
-0.9998345436653894	1.747883240687232
1.1599221941634734	-1.290338391255921
-0.1258875261117971	0.9064685088233575
1.3319380774205407	-1.430858355096905
-0.1320368346403336	0.37699702831143406
0.3398492748347694	-1.0994249338141917
-0.15626589708394642	0.29973066139724297
0.09371563265677921	0.4445363459491253
-0.03506049189376158	-0.4487237216795034
0.050398558160061	0.09344470666246163
-0.5176641931878834	0.9872995515912323
1.0215914213357176	-1.098670152824186
-1.207364709565787	1.1397701326467595
-1.4728473728102678	1.9664671285275306
1.7542121612428048	-2.7923016403203653
-0.7793278785250615	0.9822906350428989
-0.6764301624034406	1.626220823942652
-0.7234497076304226	1.9336940142418007
0.16663423273964328	0.1815570323574753
-1.6215087155247152	4.246963137581422
0.29632995078375896	-0.8155712495052259
0.7191216678689711	-1.0124154328303592
1.076879704822464	-2.380432394663794
-1.3610111230336848	1.2159650840560159
-1.5305928262190378	1.82089614071059
0.5807838358692491	-1.3305505234055066
0.7279662412933443	-1.5453426333339697
1.156794742751965	-0.669363748093315
-0.196385859050675	0.32312026668236776
-0.25238390931988164	1.1565994380029903
0.9807155085343018	-0.4686403985131957
-0.7371351300361404	1.2106161280572747
-0.8971090764430318	1.0521931032692844
-1.3512378734442332	2.337971377793402
0.13192632348199482	-0.733289990267253
-1.0790151042662948	1.4384913496595684
-1.8697452038796223	3.8860786484117686
-0.7079316283495015	2.3528507063289887
0.036370374339446274	-1.66601055392898
0.4909565154873919	-0.9771628593635074
-1.7974477613903839	2.7881388191163605
1.0274901162549506	-0.4189314168490256
-1.4618844866232656	3.1137525227083316
0.017939501297738213	-0.06396775014044866
-0.7224911616495135	2.0205066947104937
0.287011653013832	0.02483276061251132
1.1805078612779205	-3.3036406288778113
-1.1393009768235471	2.04946455634042
0.9062648432836861	-0.8185358909788352
-0.7856322739430908	1.081344637542938
0.3662477559529608	-0.004860079285788549
1.7136924702623277	-1.4431159498870816
-0.055690381707348816	0.2567216906732949
-1.5245662831112996	2.068923237880883
0.364092280134963	0.253913587895678
0.10562297848571563	0.6843422847507523
-1.3723432214255364	1.8077880923595735
-0.9797424473496977	2.738312229725464
-0.04259003943458576	1.193566293116547
-0.004855819650036529	0.5452845294909567
-0.75042483613737	2.281812064352121
1.0839333990594369	-1.6370603968107882
1.0289218556186106	-0.42820750645943445
1.065781700796784	-0.9590902299732855
-0.34871624186813716	-0.027536083142852958
-0.01203709893924918	-0.45535539839171485
1.0868937265151173	-0.5508127543047099
-1.0463621229201223	1.7202864114629346
0.31719787440076735	0.26318534457681547
0.8606200322406928	-0.9631002743288609
-0.17098461525538405	0.9767712237351718
-0.6699815168498287	1.0483914383747452
1.8009300987021206	-2.165589442861074
0.3547334548210016	-0.22459959655206688
0.30428993870078475	-0.06645126490300379
0.2851216814234742	0.3849406468512816
0.05957166862537326	0.6721943821599802
-1.0461945772206513	1.3779712066639798
0.41711356919161036	0.0774149593629089
-0.007822894443038863	0.09368051620657492
1.427074988884422	-1.0617169020490456
-0.14603925323125166	0.5918515461133119
-0.2009591851911799	0.19290395441661082
0.5025090348756043	-1.4234175743743496
0.6621415305711577	-0.33996682420142743
0.44622901448378877	-0.26188255543995764
0.0740099469463959	-0.12430826530448587
-0.12232331206445188	0.3796904004119262
-0.7552422883989764	0.7278733261780833
-0.07527395567633134	-0.035472300088087536
0.023733119324650696	0.5454347400174904
0.9009243556252047	-1.1211564345747105
0.4715998843091347	-0.16462759523228782
-0.27835042600405624	0.3714554125650985
0.6805736589312388	-0.6823255418434618
-0.40455720875410717	0.850135741304539
-1.1838735900103794	1.1477690602471466
1.0792963806019054	-1.0240218539538462
-1.3913696094514352	1.7353770584700976
0.24232441510181907	-0.48816143517453997
-0.3174688755409525	0.9145452836877095
0.9103221544553752	-1.0430816622570378
1.0481808610181935	-0.7656383275962632
-0.007222998657058141	-0.041497252877156235
-0.15323142872324663	-0.032760502727660255
0.7224930119217046	-0.18770543766284414
0.3253856283535443	-0.06821622390227193
0.05723252825421571	0.052625011500926126
-0.6601621894504641	0.5817724463972711
-0.03267201422307308	-0.5732604919974531
-0.25840730873646167	0.7312708629396297
0.17265219570080612	-0.024603480795860284
0.15751929637309703	-0.09370858019361016
-1.100307866892262	1.2388948997055453
-0.5629367271602286	0.5607533920305627
0.7543570974685732	-0.7178118539099064
-0.9756776196609264	0.8848954584174753
-0.6173991119579599	0.5604389205549857
-0.03218543175795625	0.08790961964733437
0.29704203384856626	-0.8607733365505038
0.046373807944299475	-0.0067644008028428715
1.3174089266350972	-0.7207297506785095
-1.0973107699482327	0.9220720080459933
-0.04383789713376533	-0.12189789253016285
-0.9661295835745815	0.6302042317640799
1.00462883675296	-0.1686499088228437
-1.0252914013704797	0.8606671180385138
0.0026870071986691627	0.5000517219159608
-0.40111511572121633	0.52420724214488
0.5674433573184028	-0.7781872337004881
-0.24866087735769457	0.6752859345809028
1.3329908344922463	-1.0627929027364809
0.7349945628482698	-0.35188439722016124
-0.046730348345974504	-0.3438619128361153
0.48661365866804857	-0.2365652821522803
-0.1550921931101584	0.8913846008362235
0.10781694711607623	0.09494716955768281
0.2908059885164797	-0.41172787594032956
-0.3778998677776395	-0.09115789600806283
0.5385962382138967	0.18856906036853063
0.1128360245403207	0.3863062957475382
0.35839782765950384	0.10232379901215757
-0.22692923171576881	0.5495664112419449
-1.0341230513596749	2.015276277501858
-0.7613766816847266	3.3070472338947154
-0.15307161223581903	0.07941813967830488
-0.1592896904976984	0.15089816237045126
0.23622022203493645	-0.22996525079229052
-0.2919072405021437	0.43585519119010524
0.44950682293069844	-0.5126934058537201
0.21501915083182105	0.44004337763719414
-0.167851631214087	2.5054561982152377
0.9749681423752783	-3.2194750919626824
-3.3958415348975635	6.212297797836918
-1.1404255809435866	-0.9775373471672713
1.169381451954641	-4.287629168638768
1.4145447635972768	-1.5518927791673143
1.2547591993717202	-0.6485947297251504
0.18323597487541593	-0.5764417961456165
-0.766947284443902	0.8019725669896351
0.5463510932170447	-0.3636621257260796
-0.11728434564475507	-0.034147257876924623
1.5927206668777485	-1.2884526601282429
0.3682271202541793	0.30324072803487245
0.779552440181877	0.04891171969731764
-0.013376635731972019	-0.40465040167962424
0.5995225794777101	-0.18676873118696333
-0.15726224872600586	-0.1425691071562095
0.2599923468971182	-0.2237468041125764
-0.22444746413137154	-0.4534786051720235
0.5355549673738388	-0.2534264693414359
-0.532986423735119	0.7021078439510058
0.5238142921619778	-0.654792085729498
-0.4433981913995433	0.6277734950305208
0.0008813036413067176	0.14387525698669654
-0.18280707460481457	-0.18601649835732392
0.1666705582530639	-0.10715752984157338
0.1622265076851256	-0.7751554058999145
-0.2167182232677969	0.3885988044762036
-0.8550298770415123	0.7262912547640946
0.36734872546667396	-0.4178763135046169
0.015101948984807649	-0.3940093538864294
1.053280654846627	-0.9661684767751137
-0.1625355392107325	-0.03557704551109583
0.01077704178010347	0.016291557172295877
-0.3876382964819253	0.22259442816617667
0.5939704640849564	-0.3961622230126086
-0.1489079439333179	-0.21671885239322564
0.35171497029408827	0.10478571333186025
-0.7613861424057154	0.5940144529506389
0.2222088089247106	-0.41992141439783326
0.24461390955944615	-0.7354305704073437
-0.2299665058533593	-0.20344633318775054
-0.125534292568103	0.6325816581921053
0.2111528843421686	0.037705371937124775
-0.7113328883146386	0.8324842467221303
-0.19933178533138982	0.18711099863037484
-0.22085578926485816	0.06397292011654974
0.5826274516526538	-0.5768811232056741
-0.2620604920083666	0.14919502059019357
-0.30689214127591097	0.26378333792254544
-0.043757240222945075	0.08294326745985724
0.45988771334975936	-1.3274626085680148
0.3507119492208851	-0.04543825986531552
-0.03321217998028392	-0.14522244268019083
-0.3365120994947551	0.3944457795784843
-3.1928624904306107	3.563255423028382
1.2980469734839175	-1.8577613364939267
-1.5668990082717253	2.2748031168903493
-0.07388326425658708	0.5629626181168654
0.8673795732570981	-1.3305368322859954
-0.3986924182787377	-0.5970541674985981
-0.03480964408644947	0.3017685715858588
-0.0019089001978251567	0.505847631408674
1.0513692517790942	-2.2540654192911247
0.7345046063338111	-1.1311236709032546
-0.8054535296772424	0.15253479771128137
-1.1480685835203783	1.6879087809119941
0.6717219364285122	-1.1546783192216556
0.6254213637659463	-0.6179057824487939
-1.2408518679458043	1.2663325777579273
0.8607642550280391	-0.5682558950166099
-0.41614796310871105	0.25965191435161405
-0.6095352238489004	0.09384155629165479
0.5069971604325241	-0.5151989679785792
0.0202451315721121	-0.12965336494063123
-0.44147267458865225	0.5238242087599566
0.5011544924568336	-0.05007272758806422
-1.5258718030575718	1.611889349315257
0.0930013086039213	0.6279702449694686
-0.3388126453438782	0.852599675775676
-0.011096313922125631	-0.24945342182054764
-0.32880602291099775	0.2897841763543107
0.569690074761593	-0.602751428384419
0.20816495167269136	-0.6085530945318719
-0.1806958072633063	-0.4777350134680484
-0.0484908832613832	-0.3014448039150011
0.5238627149108351	-0.2519580471813858
-0.5019866246962937	0.37298585003264073
-0.24395445339208222	0.684642622912274
-0.36687062919734154	1.0142290940230683
-0.35005003297434073	0.8577269814735476
-0.04320899717259574	0.9437640857453053
-0.6624392913715106	1.5026915750531065
-0.5753387656500947	0.9953552578319811
-0.35890697745396904	2.6108003247647162
-0.13845505864516125	0.9092194977889256
1.5315302282496592	-3.002811250417485
0.335069680079985	0.3908251484097048
0.9128147507351186	-3.8882692147621896
0.18855344764839155	0.4043283188877175
-0.1864952843461602	-0.3745719614100351
-0.034458461105081224	0.3479172163103098
0.8056992170305102	-0.8838779888255356
-0.1951669378429247	0.32418454224619686
0.5075619657256054	-0.26830038987484944
-0.3057817004786836	-0.4104455079593768
0.8775279427989052	-0.38590232886437514
0.23813865751786836	-0.052846430071857936
0.06349098745605046	-0.027924714264986376
0.4569425694238843	-0.12092637938065111
-0.7054558622904756	0.6220437336704508
0.14826781275039982	-0.20471558182078914
-0.342823493641756	0.3555638472708478
-0.45519011669638615	0.6425091686611382
0.006735207893970835	0.120821077737375
0.6256545413940754	-1.7476105512348314
0.4035129905331927	-0.37114407495893703
1.739745239107459	0.2667162850255956
0.247911500474295	0.29386188088771287
0.7013235551533259	-0.8183381171776485
-0.1931986891851378	0.6368196583017028
0.7967874868310529	0.04131946043804524
-1.0519825407173544	0.37483742974247125
0.4308832474241579	-0.33359390855354976
-0.25665292258013234	-0.5334012546283065
0.2146831696143263	-0.49059878822933695
0.46431459869088854	-0.32754091401719654
-0.3849513224156741	-0.2798062089524894
-0.2945052482821454	-0.0036928362801777583
0.1389604239771627	-0.11740476353825904
0.26413012303427824	0.335473130545903
-1.1338595777914002	0.7129541407282057
-0.07258746470672847	0.3510748318622483
-0.5867410915916794	0.5884827301719621
0.9201986602137131	-0.9902246338647226
0.6902654713045204	-0.9035104718460273
-0.1485892654916905	-0.2459220580302882
0.4720627855054813	-0.4101577452340057
-0.5470844206603251	0.06809207436119047
-0.047431225346649446	-0.17501271341892388
0.35479085144515116	-0.3200076617865868
-0.3489031158653082	0.09634488515924232
0.205685233389027	-0.3859494709605041
-0.46982541980873155	0.3902374817624699
0.21122172047545984	0.4212708307385868
-0.5017073122620782	0.21463338348198813
0.3785269128258213	-1.1346152992739342
-0.41497760656384036	0.07874186413684693
0.8358776351618614	-0.7158399619883412
1.095970751174252	-0.3832380298791833
-0.1568046917789283	-0.3369156836541198
-0.17461799519428914	-0.2410109928022504
-0.9506589440960862	0.8485246080227131
-0.16482352343397422	0.005961108478954025
0.023449550351991887	-0.2343590456539474
0.03782212940006193	0.008635582886172645
0.928653406106696	-0.9419002911825024
-0.35676854376490136	0.17018944810309447
-0.01080883986953448	-0.20000968601180766
0.0927871507303223	-0.0019367632569753357
0.7723052018818549	-0.6255499067626522
0.47643010774630584	-0.20061509109497958
0.7513207648325047	0.009134921464860892
0.5639227658316347	-0.44489936699110644
0.7051211438980344	0.8106987927429807
-0.1472431593700599	-0.26214985903046534
0.18193547893978618	-0.33210595769330536
0.7848679516983726	-0.05245114772173667
-0.18397249972834956	0.030737916742338767
0.02501761719687362	-0.12534014738836607
0.1875859557955941	-0.310018843980809
0.11178453774099556	0.39519262145016454
-0.38063422133937774	0.6175803396140797
1.6483538236812614	-0.33628768264343334
-0.7774415268308611	-0.679700238328891
0.024575748578264184	-0.8500793810877442
-0.5232905931357498	0.06948457727168238
-0.45220618804054663	0.035842215907613405
-0.3256222509177962	0.22113770969276034
0.06191583429165473	0.28084978773634217
0.3788758796609334	-0.6173190501662628
0.046863271678196185	-0.37571156691260893
-0.5158270460539142	0.6493154816913336
1.0358062249580564	-0.6444878304764288
-0.2648935942003993	-0.47563054986342435
-0.235434475146805	-0.08536524893858055
-0.32863786041605625	-0.08772677075638109
-1.7843709132173975	0.7897864718483838
0.2009740550954715	0.24728295849041385
-0.17267123576979032	0.24866314934944253
-0.14379863477993943	-0.12856690281348584
-0.16673662304701495	-0.40413347862286775
0.8746460508065581	-0.9036927113512998
0.1292047496320528	-0.2121424708545765
0.36291433421490726	-0.024488495750436146
-0.35850447594025525	0.5706933461413144
-0.24903512537535222	-0.03965467459771562
0.048126627751752714	-0.5657494530290675
-0.4451853496699282	0.8062989863546556
0.23170354265550377	-0.445101638835476
-0.14985778148637652	0.3571390113852054
0.049393904521631345	0.9586161483438095
-0.1843510195212721	0.9208885598473684
-0.43026495181735397	0.7323986460254652
-0.7206163267908127	0.35280832359996106
0.8210127737690168	-0.9597967394395539
-0.34810111995294635	-0.08900501604819425
-0.21063525349202497	0.5319191622706883
0.7679024428839395	-0.5503708716847113
-0.37885314229028083	0.48832552270607604
1.135480011672092	-3.6445549564655697
0.8377181694264163	-0.24737040187616727
-0.12220526520665548	-0.10906032202532193
0.044230950026571715	-0.6075139200453609
-0.3465855124480097	0.1620757822905293
0.20266604986396974	-0.8100088201987046
0.13061888240669106	0.15364179873640246
-0.21358182779580964	-0.12496948183883247
0.041858055298803334	-0.3839496061588081
0.5672900346615894	-0.12035808110991421
-0.03239337630512311	-0.9169658714092709
-0.2172914488255579	-0.12182208430112475
0.18420118871902647	-0.051870483284729325
-0.3417582015610104	0.0896544193711048
-0.2718532440672072	-0.37398358201016213
0.6920917702120739	-0.20282029673001292
-0.1285338864618238	-0.022966332332177295
-2.7425408301104133	3.2835012395793726
0.3432949101931352	-0.6427240482878697
0.6964990469109466	-2.3563074547292127
0.635425642937368	-1.0732489120545885
0.2186945337631734	-0.35210264941355024
0.3211455793111214	-0.8102922466522582
0.6675762467253927	-0.2832465303828797
0.013641697505057157	-0.4162635449974805
-0.2278935841116969	0.19604641113818572
-0.10101558865361243	-0.19620005364704368
1.1145854862278564	-0.6763552692661746
0.5394010459280646	-0.39162963239466664
-0.2508492619923966	-0.015292956523161073
-0.49444368255317567	0.06736748343223306
0.21601081779807202	-0.26673096820022413
-0.009327409577421378	-0.4203350494041983
-0.1848426980525509	0.20765519293564286
-0.1869991298467399	0.43803808104868286
0.610332491459187	-1.0581699181688602
-0.19491078512307233	-0.03135909831356077
-0.35987404552010477	0.02314345803626602
-0.008901739734417578	-0.6298635205069121
1.218828060372134	-0.23046305175314882
-1.0814809869551858	0.18764854810821793
-0.12374604334827485	-0.2714836653022261
-0.1182031813808175	-0.42128708356292754
0.18239896844076187	-0.6155856770125119
-0.004657189313852053	-0.36099492604003214
-1.3569430001548979	0.6707912262729728
1.2365539816900877	-1.0855401660276103
-1.4184486106199636	0.8746908598056561
0.17101816801501432	-0.35060732736884664
0.29109112125090075	-0.11361626275010195
0.18328148228472793	-0.2737908674001508
-1.3483142170406115	1.0257795776769052
0.76571991420199	-1.259502147796701
0.08237632599255983	-0.21580359145676822
-0.1603419612531274	-0.34459715987829076
1.0222387548058265	-0.6940283141098428
0.23781453532498908	-0.5794598364438844
0.6930137823375352	-0.6108593242332757
-0.06336884394438981	-0.04922237204325996
0.04222299213059054	-0.21815724655070723
0.8174117184675349	-0.35691237938944526
-0.07187805124613836	-0.4630923177549187
-0.12074706042977534	-0.49407428902440625
-0.23741404492605472	-0.26736128027404144
0.4305135349359339	-0.319469450216542
-0.012243693637821658	-0.17500985182748993
-0.20261331716503728	0.12494529816693642
-0.26086514840032415	-0.0954645678689308
-0.16660164878293748	-0.25640021800697377
0.3239795232580163	-0.38055906836092274
0.05139109142308794	-0.08904941354884356
-0.36311782449677016	-0.09549210499120796
0.2358729644077009	-0.5747217063251856
0.20838950477930884	-0.3426458925731628
-0.42439448381618416	0.5736235431546783
-0.08679807965560742	-0.0398340830878112
-2.081506666773139	3.344142841422549
0.10049884183875764	-0.2542508216440185
0.9946915267890287	-2.8769720509796333
-0.07913551109765882	-0.3030187438857687
0.17867214191554867	-0.3352462571422729
-2.14474099030953	2.729515084491257
-0.218364150244832	-0.9777563134572641
0.09524268915176919	-0.8624443727771326
1.153644919146424	-1.6844185308691209
-0.520241384389225	0.6096759975439126
-0.31162617668809856	-0.07495110718440588
0.1864486909831347	-0.907297332786615
0.02520116676493275	-0.1047990822770605
0.08844306898811341	0.1849297802200952
0.6124073957363374	-0.5231784968039553
0.7638317612567996	-0.7002326741049987
0.25363238267773275	-0.6050352576143493
-1.2436981009243997	1.3898162232148608
0.3615035691316748	-0.5868798333812234
-0.04087448332009902	-0.17768856485078688
-0.24702867562907202	0.3613748701168548
1.3683480777477395	-1.3341084270791532
0.453273640536704	-0.31820732533794616
0.06244170413259687	-0.2716069521905881
-0.17072747109527397	-0.26194510352646555
0.24580964427732413	-0.45064303251159066
0.17732383337771498	-0.2596275279422965
0.11941621300023	-0.21876573592308518
0.0435753377024256	-0.5913503505254114
-0.5479300401218185	-0.3769693464575263
0.051204724889599554	-0.3625479326003444
-0.4277388836123914	0.21293306120203745
-0.031889045186562645	-0.27286625963951394
0.5809514556087955	-0.503552494988412
0.16993764135495984	-0.5517080054234557
0.5591374889706126	-0.34083281842907626
0.5860364567456536	-0.36238283744882605
0.3093904886473663	-0.2660057350869287
0.15927468959562155	-0.20853175349259295
0.8976187163127761	-0.6840584839750764
-0.19332941454958474	0.038707119252590884
-0.35599192220549514	0.26761731674194367
0.3061210159901506	-0.44372387366957466
0.2304874605706197	-0.45092962679533677
-0.31573468937593635	-0.22356944637383822
0.08569660446630836	-0.5298767952127316
0.2331404425866175	-0.046755440548520454
0.05018492979243422	0.0675356211236481
0.06606396122164347	-0.43689554158389
0.008465985066654082	-0.2696122247349387
0.7603517062042491	-0.32332532743065745
-0.6865264862494567	0.6320897504167229
0.18506873278449434	-0.08080071295213823
-0.7149872835518115	-0.0897947094667533
0.12980317794872984	-0.08359980929931432
1.0803988755086853	-1.5171368962622611
-0.5627975621849416	0.29967442578928194
0.09395156703077447	-0.4889891027819765
0.1924475611229929	-0.2243397653802663
-0.00910754140432632	-0.4741079332854106
0.45283332381137753	-0.9724449870247875
0.17258534578026521	-0.13200472597526303
-0.09149042094438022	0.08678729550275133
0.17721237545873086	-0.3655783762619003
-0.6299627414040553	0.3135397265991994
-0.1349060877848467	0.44272066323909964
0.09198145038204032	0.040242109386641085
-0.3461580219359737	-0.04308120578308094
-0.7755856960699928	1.1274862461446855
0.9848821644273892	-1.230338428079904
-0.3972210569224482	-0.3848967250793669
0.13277099835353595	-0.818659622733427
0.9213320360603695	-1.0211379828365816
-0.1664806697904929	-0.15972153487518034
0.280227801929844	-0.45375928952613775
-0.10350561610107528	-0.12394011591049874
1.5250389914867732	-0.13671024820779504
-0.09451267183113105	0.29960874442225754
1.212180938111813	0.29279752018570054
-0.3289684377696734	-0.011272127826109042
-0.19182984632698782	0.0860642440244375
-0.5505675716297083	-0.40930981885906453
-0.06177266292171512	-0.4041571027804543
0.39612762316253186	-0.9298736549420231
0.8186061086479339	-0.7555058800445971
0.47103791353987035	-0.5116440999534344
0.2080236586206904	0.15309588235968036
-0.12744497432307705	-0.04760647011254574
-0.6647971830827527	0.02035616833515966
1.3063506442582993	-1.1789614635399686
0.8478380397456625	-0.2267954353901525
-0.5959905622533779	0.10921456857572977
-0.16672185569622278	-0.5264635520655252
0.2655814386302356	-0.37458408964435386
-0.13386607812843027	-0.06233218064019686
-0.21922670569526703	0.02519783938476727
0.07825371587209055	-0.04793033738612015
0.2526745203919824	-0.4653755782355845
-0.8560613110616693	0.46639632535329956
1.1448260776016406	-1.3171359365768422
0.9784654093129183	-0.8323680947416527
0.6709796904533807	-0.290889137459214
1.1446906251995375	-0.34275875173800086
0.22716794404121682	-0.08963510604600147
0.20698865802279895	0.15685615692631688
-0.23021528181510298	-0.47729238144881125
1.0878532042454432	-0.2266748590767519
1.023917895579008	-0.035031533838723844
-0.60472451983787	0.95612317378972
1.2282284766989082	0.10576352362010165
-0.25013417983601893	0.1769550619447456
0.5264105463641702	-0.9081290026019493
1.0843847701077076	-0.3479104598200506
0.2676061938602523	-0.10141927467316314
-0.13039805753772696	0.15709520420481785
0.03521095167058827	-0.02866068912974701
1.5683273576480312	-0.5513375430729098
-1.0099836000576115	1.9562393219054866
-1.2878341486661502	0.849629964122703
0.019764161880817924	-0.9925740689943232
-0.09328769025120882	-0.019832723692033354
-2.558997460579828	2.9320139412475617
-3.8660088426109716	11.686804074222874
0.7358095768224915	-5.771263946396108
-0.27459428579191286	-1.0875341758385795
-2.194452420299676	5.281724940628504
0.7113641017285319	-2.973637277188489
0.7453393107877885	-2.272438318807646
0.14997317977131044	0.16117531473549834
0.8482553204562767	-4.872411829759904
0.9835180538420364	0.2837315321517444
0.013166739137338596	0.6689540000887648
-0.49684392257044757	1.356383241363979
-0.44570738937997834	-0.0368453924104634
0.06033976795984189	-0.71568902146353
1.3275376947105542	-1.6701376659440206
1.1059685738444514	-0.3686994111424964
-1.3031731893361729	2.3956879573361287
-0.9702105084451836	1.4036904299361364
-1.0841295989882207	2.5376467560855525
0.34449689370216685	-2.0787403371416944
0.865243817084024	-0.340460219438256
0.20183205118277533	0.045827974164845985
-0.06274044449267176	-0.1775880318839338
0.3941133360941278	-0.77257425041591
1.6251103239388263	-1.4917799119574844
-0.17408029036989425	1.0583727899845652
-0.6693040170536235	0.6716065786053078
-0.5616536646827682	0.9619640715917726
-0.09569224429280462	-0.2790738281096768
0.1353678742521315	-0.45226743078660236
-1.4695851502600685	2.705468515219413
0.09969067488671529	-0.33631876215446155
-0.1787267868862924	0.04209295118651591
-2.2895973218467303	4.414767474667215
-1.4585733964675545	1.8777563870874883
1.6941144473630518	-2.8946218661318515
-1.3371152310804346	1.7083853238538822
-0.21361429864981224	0.8799528478851385
0.9335156349518621	-2.0750217431199327
-1.8185382674040231	3.308273232700679
0.8273784441934998	-1.663891048401607
0.8488962601527077	-0.42066949962108297
0.5291574814862956	-0.5492285259426172
-1.8816005098761461	2.4291170270699576
0.24697339788691688	0.7524480801406783
1.191215804095145	-0.620994669696162
-0.4489199451359771	0.26240025334593875
0.6305848915414071	-1.1207994391291916
-0.27295124528199827	-0.6013531075310103
0.7100153204700544	-0.4564639828983645
0.9855087671563448	-0.9301997629986191
0.052287773674571394	0.454209557688986
-0.6050924377744474	0.485225454571998
-0.8802524841950736	0.9697528746404754
-0.024884090634124806	-0.21130379092226736
-1.337867940991736	1.5975374585806046
0.13418410766718564	0.17097954596934803
0.8960544131119129	-1.1215625358041366
0.08263542822617974	-0.5101970828704031
-0.8773134158382349	0.6063667716067123
0.22181564492939007	-0.18160240797544838
-0.774935317844231	0.5783292431052025
-0.24590037875436505	0.1433199750684983
1.256201555196509	-0.8059359872191142
0.33710759494494147	0.10869420103691418
-0.0633876902075138	0.09017301460151113
1.0164940299555885	-1.0357440203468202
1.0895930434015186	-0.1324560602185633
0.20550713387763114	-0.490881069452719
0.07315505472498686	0.2111721027409072
-0.8794982441017104	1.3645777316542207
0.4335950187930994	-0.966425216869686
-0.10759258135244597	0.04018477878456827
-0.34217773012067076	0.02376690748511986
0.8338047483714669	-0.26365812101413727
-0.4205576788699978	0.12586692483719036
0.35180874400779016	-0.5455633092946011
-0.2945325786749403	-0.07467511877308336
-0.327985819924881	0.5402670219323968
-1.43259854330859	2.880734826019458
1.1635408513041152	-1.6345058274972777
-0.7454068965565168	0.5505486462644047
1.0857180589697548	-1.6378922660211692
0.4897297316311141	-0.5999205468296619
0.05211940173661231	-0.31481045941993224
1.0517412161560866	-0.7182972802070402
-0.120507418436594	0.3035107973948192
0.3680102979023943	-0.02467090442168438
0.09466839200950099	0.08133609862117688
0.18505119621792487	-0.05838984901983713
-0.5586383089314597	0.45171701543175297
0.2980836527310597	-0.7304052301346026
-0.1651817018621453	-0.1889971814975278
-0.3259984213684086	0.1994377836418301
-0.5584218534428719	0.8030287235013239
0.16268718024575912	-0.4640163301921404
-0.8207769577921739	1.4659614816243023
0.16857672639822413	-0.6518938014190615
-1.6320357095741274	2.7717032189151967
0.17254500040171747	-0.9749412782937519
-0.8943920256108202	1.808047446203384
0.5302224483341456	-0.6170771303496436
0.047160017148033404	-0.4093190001440422
0.2746261888509565	-0.21568987613811655
-0.5381897179448472	0.6352318057790607
0.836174730139594	-0.82729926378899
0.8677931935067501	-1.3116813615452596
1.0367572686528808	-0.5704251351650321
0.3931985258150475	-0.06614211158208697
-0.937444448952219	0.790167362459991
0.9865055821529862	-0.8899986659937127
0.0930401169026578	-0.3802502525917664
-0.17307371927377313	0.4795335153608885
0.4500063452912319	-0.6932755048040988
0.23812157911211665	-0.03889789092636335
-0.5515310278290038	0.5701571497947032
-0.15427685324732723	-0.017964621565987243
0.18432241789613701	-0.21786898580111766
0.5628660273171845	-0.21017696738719677
1.1156192119972124	-0.14844746031641598
-0.4369104222409407	-0.18399136137037844
-0.9061092244949202	0.6697663051741639
-0.7346683446126674	1.010468098122777
0.5084913283292913	-1.200786029592948
-0.17124814921709747	0.2585649933428306
0.5644404326764515	-0.8429973361774014
0.5756964626929157	-0.545147379476612
0.44688043940910993	-0.43040164334326003
0.34927650384339326	-0.4359155123363712
-0.08501127759304884	-0.2391408369954113
-0.22499676535646124	0.17570661158504697
-1.0125061941553144	1.358198924621589
-0.5235653295935437	1.3223631187301124
0.65757222063334	-1.2010248991446724
-0.9287675800949223	1.1104463203191386
0.8514514606775061	-0.9470391660267865
0.3611956301420591	-0.6824822361090467
0.26595210174636263	-0.15643538730708556
0.22308608663034166	0.27387143481238035
-0.08786891106605729	-0.5459733267705957
-0.2563723743935473	0.07850657707013743
0.7475404861218329	-0.41140127789768055
0.9806331469836644	0.06587717547241442
-0.009036218934416428	0.22248731407570335
0.688998854631316	-0.2544957979025701
-0.5990164828754664	0.9860496681225472
-0.012273168266074521	-0.5495520715195749
-0.2351452147874342	0.24411653871312827
-0.3790548446480427	0.6378357920439318
-0.4224531506475988	0.6849665464532774
-0.2673747842978156	0.3134702568599917
0.16661701256540448	-0.49957663998306145
0.38834995203358513	-0.749657663523772
0.0029182702371581375	-0.051900757760056565
0.6269715896624685	-0.669378911509588
0.010109610182716222	-0.3086153753316961
-0.7782725888585555	1.2234706916919142
0.5865467697316753	-0.738610737096522
0.11304118357174675	-0.9455383245396856
1.013842813665201	-0.05596788786931556
-0.09337687245617003	-0.19798142128014282
-0.5260339172606537	0.33157588585082387
-0.205520684260388	0.12514389750964083
-0.4656889377896879	0.3512708789519425
0.32042621600088395	-0.4272760308859311
-0.039816057975895214	-0.2966559116526392
0.4315529810001795	-0.17166327052620484
-0.09360695126996024	-0.03525680258241404
0.04779673548149453	-0.45826770410727896
-1.1372185459693231	1.9080238179794429
-0.654941761739269	0.5923356401427815
-0.07770078915834411	0.8540556533624195
-0.14721795869037896	0.40689932491549047
-3.3574852476871695	5.184134666036742
-1.4558238819727896	2.248254954135343
